Best model: random_forest
accuracy: 0.8701298701298701
precision: 0.7833333333333333
recall: 0.8703703703703703
f1: 0.8245614035087719
roc_auc: 0.9437037037037037
tn: 87.0
fp: 13.0
fn: 7.0
tp: 47.0
