Best model: random_forest
accuracy: 0.8831168831168831
precision: 0.8
recall: 0.8888888888888888
f1: 0.8421052631578947
roc_auc: 0.9553703703703703
tn: 88.0
fp: 12.0
fn: 6.0
tp: 48.0
